0000000
0101000
0001000
1000000
0110111
0001000
0000000
0000000
0000000
0000000
0101000
0000000
0000000
0110111
0000000
1100110
0000000
0000000
0000000
1000111
0000000
1011100
0101000
0000111
0000000
0000000
0110100
0010000
1100001
0000000
0000000
0000000
1011011
0110010
0000000
0000000
0000000
0000000
0101000
0000000
0000000
0110111
0000000
1101100
0000000
0000000
0000000
1000111
0000000
1011100
0101000
0000111
0000000
0000000
0110100
0010000
1100010
0000000
0000000
0000000
1011011
1001110
0000000
0000000
0000000
0000001
0101000
0000000
0000000
0110111
0000000
1100001
0000000
0000000
0000000
1000111
0000000
1011100
0101000
0000111
0000000
0000000
0110100
0010000
1100100
0000000
0000000
0000000
1011011
1101010
0000000
0000000
0000000
0000010
0101000
0000000
0000000
0110111
0000000
1100111
0000000
0000000
0000000
1000111
0000000
1011100
0101000
0000111
0000000
0000000
0110100
0010000
1101000
0000000
0000000
0000000
1011011
0000111
0000001
0000000
0000000
0000011
0001100
0101000
0000000
0000000
0110111
0000000
1111011
0000000
0000000
0000000
1000111
0000000
1011100
0101000
0000111
0000000
0000000
0110100
0010000
1100101
0000000
0000000
0000000
1011011
0100111
0000001
0000000
0000000
0000100
0000111
1111011
0001101
1101100
0101000
0000000
0000000
0110111
0000000
1101100
0000000
0000000
0000000
1000111
0000000
1011100
0101000
0000111
0000000
0000000
0110100
0010000
1110001
0000000
0000000
0000000
1011011
1001101
0000001
0000000
0000000
0011010
0101011
0011100
0010100
1111101
1111101
1001111
0000010
0111101
1100011
1001100
0101000
0000000
0000000
0110111
0000000
1101111
0000000
0000000
0000000
1000111
0000000
1011100
0101000
0000111
0000000
0000000
0110100
0010000
0100110
0000000
0000000
0000000
1011011
1101111
0000001
0000000
0000000
0110100
1001110
0110010
0010001
0010110
0001000
0100001
0101000
0000000
0000000
0110111
0000000
1101111
0000000
0000000
0000000
1000111
0000000
1011100
0101000
0000111
0000000
0000000
0110100
0010000
0101001
0000000
0000000
0000000
1011011
0011011
0000010
0000000
0000000
1011110
1110000
0001010
0011010
1011101
0000100
1010000
1001101
1111100
0011001
0000111
1001110
0011101
0000101
1100001
1000010
0011101
0101000
0000000
0000000
0110111
0000000
1101011
0000000
0000000
0000000
1000111
0000000
1011100
0101000
0000111
0000000
0000000
0110100
0010000
0111101
0000000
0000000
0000000
1011011
1010001
0000010
0000000
0000000
0101000
0000000
0000000
0110111
0000000
1110001
0000000
0000000
0000000
1000111
0000000
1011100
0101000
0000111
0000000
0000000
0110100
0010000
0101101
0000000
0000000
0000000
1011011
0000111
0000011
0000000
0000000
0101000
0000000
0000000
0110111
0000000
1011111
0000000
0000000
0000000
1000111
0000000
1011100
0101000
0000111
0000000
0000000
0110100
0010000
1000101
0000000
0000000
0000000
1011011
0000111
0000011
0000000
0000000
0101000
0000000
0000000
0110111
0000000
1011111
0000000
0000000
0000000
1000111
0000000
1011100
0101000
0000111
0000000
0000000
0110100
0010000
1101000
0000000
0000000
0000000
1011011
0110110
0000010
0000000
0000000
0101000
0000000
0000000
0110111
0000000
1101101
0000000
0000000
0000000
1000111
0000000
1011100
0101000
0000111
0000000
0000000
0110100
0010000
1111100
0000000
0000000
0000000
1011011
0100010
0000011
0000000
0000000
0101000
0000000
0000000
0110111
0000000
1100001
0000000
0000000
0000000
1000111
0000000
1011100
0101000
0000111
0000000
0000000
0110100
0010000
1111001
0000000
0000000
0000000
1011011
1011000
0000011
0000000
0000000
0101000
0000000
0000000
0110111
0000000
1011111
0000000
0000000
0000000
1000111
0000000
1011100
0101000
0000111
0000000
0000000
0110100
0011000
1101000
0000000
0000000
0000000
1011011
1110011
0000011
0000000
0000000
0101000
0000000
0000000
0110111
0000000
1011111
0000000
0000000
0000000
1000111
0000000
1011100
0101000
0000111
0000000
0000000
0110100
0010000
1111001
0000000
0000000
0000000
1011011
1110011
0000011
0000000
0000000
0101000
0000000
0000000
0110111
0000000
1101001
0000000
0000000
0000000
1000111
0000000
1011100
0101000
0000111
0000000
0000000
0110100
0010000
0101010
0000000
0000000
0000000
1011011
0001110
0000100
0000000
0000000
0101000
0000000
0000000
0110111
0000000
1011111
0000000
0000000
0000000
1000111
0000000
1011100
0101000
0000111
0000000
0000000
0110100
0010000
0111000
0000000
0000000
0000000
1011011
0101001
0000100
0000000
0000000
0101000
0000000
0000000
0110111
0000000
1100011
0000000
0000000
0000000
1000111
0000000
1011100
0101000
0000111
0000000
0000000
0110100
0010000
1100111
0000000
0000000
0000000
1011011
1000100
0000100
0000000
0000000
0101000
0000000
0000000
0110111
0000000
1100001
0000000
0000000
0000000
1000111
0000000
1011100
0101000
0000111
0000000
0000000
0110100
0010000
0100101
0000000
0000000
0000000
1011011
1011111
0000100
0000000
0000000
0101000
0000000
0000000
0110111
0000000
1101110
0000000
0000000
0000000
1000111
0000000
1011100
0101000
0000111
0000000
0000000
0110100
0010000
0100000
0000000
0000000
0000000
1011011
1111111
0000100
0000000
0000000
0000100
0000111
1111011
0001101
1101100
0101000
0000000
0000000
0110111
0000000
1011111
0000000
0000000
0000000
1000111
0000000
1011100
0101000
0000111
0000000
0000000
0110100
0010000
0000001
0000000
0000000
0000000
1011011
0011010
0000101
0000000
0000000
0101000
0000000
0000000
0110111
0000000
1101010
0000000
0000000
0000000
1000111
0000000
1011100
0101000
0000111
0000000
0000000
0110100
0010000
1111111
0000000
0000000
0000000
1011011
0110101
0000101
0000000
0000000
0101000
0000000
0000000
0110111
0000000
1110101
0000000
0000000
0000000
1000111
0000000
1011100
0101000
0000111
0000000
0000000
0110100
0010000
0000101
0000000
0000000
0000000
1011011
1101011
0000101
0000000
0000000
0101000
0000000
0000000
0110111
0000000
0110001
0000000
0000000
0000000
1000111
0000000
1011100
0101000
0000111
0000000
0000000
0110100
0010000
0001100
0000000
0000000
0000000
1011011
0000110
0000110
0000000
0000000
0101000
0000000
0000000
0110111
0000000
1101101
0000000
0000000
0000000
1000111
0000000
1011100
0101000
0000111
0000000
0000000
0110100
0010000
0110000
0000000
0000000
0000000
1011011
0000110
0000110
0000000
0000000
0101000
0000000
0000000
0110111
0000000
1110000
0000000
0000000
0000000
1000111
0000000
1011100
0101000
0000111
0000000
0000000
0110100
0010000
0111000
0000000
0000000
0000000
1011011
0100001
0000110
0000000
0000000
0101000
0000000
0000000
0110111
0000000
1011111
0000000
0000000
0000000
1000111
0000000
1011100
0101000
0000111
0000000
0000000
0110100
0010000
1001101
0000000
0000000
0000000
1011011
0111100
0000110
0000000
0000000
0101000
0000000
0000000
0110111
0000000
0100001
0000000
0000000
0000000
1000111
0000000
1011100
0101000
0000111
0000000
0000000
0110100
0010000
1100000
0000000
0000000
0000000
1011011
1010111
0000110
0000000
0000000
0101000
0000000
0000000
0110111
0000000
0100001
0000000
0000000
0000000
1000111
0000000
1011100
0101000
0000111
0000000
0000000
0110100
0010000
0101011
0000000
0000000
0000000
1011011
1110010
0000110
0000000
0000000
0101000
0000000
0000000
0110111
0000000
0110001
0000000
0000000
0000000
1000111
0000000
1011100
0101000
0000111
0000000
0000000
0110100
0010000
0010010
0000000
0000000
0000000
1011011
0001101
0000111
0000000
0000000
0101000
0000000
0000000
0110111
0000000
1111101
0000000
0000000
0000000
1000111
0000000
1011100
0101000
0000111
0000000
0000000
0110100
0010000
1011011
0000000
0000000
0000000
1011001
1111111
1111111
1111111
1111111
1001000
0001000
0111011
0010000
0000000
0000000
0000000
0000000
1100000
